2026-02-06 11:52:51.013: Get Lum Excel Data:
2026-02-06 11:52:51.017: File Name: RBD79000071U10A1B00HMX_20260111122243.xlsx
2026-02-06 11:52:51.194: Print Excel Data:
2026-02-06 11:52:51.195: 项次      Point      Coor-X      Coor-Y      Lum(cd/m^2)      CIEx      CIEy      CIEu'      CIEv'      Tc      
1         1            -80           -66.99        3170               0.2786      0.2548      0.2026       0.4169       13832     
1         2            0             -66.99        3287               0.2813      0.2541      0.2051       0.4169       13303     
1         3            80            -66.99        3153               0.2797      0.2547      0.2036       0.417        13583     
1         4            -80           0             3233               0.28        0.2537      0.2042       0.4164       13680     
1         5            0             0             3398               0.2814      0.2547      0.2049       0.4173       13201     
1         6            80            0             3283               0.2807      0.2549      0.2043       0.4173       13302     
1         7            -80           66.99         3159               0.2797      0.2524      0.2046       0.4153       14006     
1         8            0             66.99         3282               0.2815      0.2548      0.2049       0.4173       13163     
1         9            80            66.99         3186               0.2788      0.2539      0.2031       0.4163       13950     
                                     Min           3153               0.2786      0.2524      0.2026       0.4153       13163     
                                     Max           3398               0.2815      0.2549      0.2051       0.4173       14006     
                                     Avg           3239               0.28        0.25        0.2          0.42         13557.78  
                                     Lum Uni       92.79%                                                                         
